report                   span_ms  kern_ms  mcpy_ms  nkern  nmcpy      H2D_bytes modLoad_ms memcpyAPI  nsysOvh
p10_osrt                  2824.2     0.00     0.00      0      0              0        0.0       0.0     93.8
p1_base_1movie            3191.2   109.62   187.34   1066    435  1,434,806,904       49.4     199.8    469.9
p2_syncbt_1movie          3345.7   109.58   266.01   1066    435  1,434,806,904       60.2     282.7    530.4
p3_nvtx_1movie            3186.7   109.61   199.95   1066    435  1,434,806,904       57.6     213.7    468.8
p4_nvtx_3movie            6650.0   326.26   595.52   3186   1293  4,282,647,512      145.1     641.1    493.7
p5_sampled_nvtx           4508.0   109.53   323.85   1066    435  1,434,806,904      732.7     341.5    618.5
p6_cudabt                 3789.2   109.47   284.64   1066    435  1,434,806,904       54.2     302.7    590.0
p7_minimal                2375.8   109.64   293.77   1066    435  1,434,806,904       27.2     309.1    391.8
p8_nvtx_minimal           2733.1   109.60   395.44   1066    435  1,434,806,904       31.3     416.2    462.1
p9_flame                  2752.4   109.55   376.87   1066    435  1,434,806,904       31.8     397.5    494.0
