2026-10-09T19:26:06+00:00
 19:26:07 up 81 days,  8:53, 27 users,  load average: 23.39, 22.29, 19.38

Average:     CPU    %usr   %nice    %sys %iowait    %irq   %soft  %steal  %guest  %gnice   %idle
Average:      72    1.00    0.00    0.00    0.00    0.00    0.00    0.00    0.00    0.00   99.00
Average:      73    1.00    0.00    0.00    0.00    0.00    0.00    0.00    0.00    0.00   99.00
Average:      74    1.00    0.00    0.00    0.00    0.00    0.00    0.00    0.00    0.00   99.00
Average:      75    1.00    0.00    0.00    0.00    0.00    0.00    0.00    0.00    0.00   99.00
Average:      76    0.00    0.00    0.00    0.00    0.00    0.00    0.00    0.00    0.00  100.00
Average:      77    0.00    0.00    0.00    0.00    0.00    0.00    0.00    0.00    0.00  100.00
Average:      78    0.00    0.00    0.00    0.00    0.00    0.00    0.00    0.00    0.00  100.00
Average:      79    0.00    0.00    0.00    0.00    0.00    0.00    0.00    0.00    0.00  100.00
Average:      88    0.00    0.00    0.00    0.00    0.00    0.00    0.00    0.00    0.00  100.00
Average:      89    0.00    0.00    0.00    0.00    0.00    0.00    0.00    0.00    0.00  100.00
Average:      90    0.00    0.00    0.00    0.00    0.00    0.00    0.00    0.00    0.00  100.00
Average:      91    0.00    0.00    0.00    0.00    0.00    0.00    0.00    0.00    0.00  100.00
