2026-10-09T19:06:38+00:00
 19:06:38 up 81 days,  8:34, 22 users,  load average: 15.62, 14.81, 14.38

Average:     CPU    %usr   %nice    %sys %iowait    %irq   %soft  %steal  %guest  %gnice   %idle
Average:      72    0.00    0.00    0.00    0.00    0.00    0.00    0.00    0.00    0.00  100.00
Average:      73    0.00    0.00    0.00    0.00    0.00    0.00    0.00    0.00    0.00  100.00
Average:      74   75.59    0.00   23.41    0.00    0.00    0.00    0.00    0.00    0.00    1.00
Average:      75    0.00    0.00    0.34    0.00    0.00    0.00    0.00    0.00    0.00   99.66
Average:      76    0.00    0.00    0.34    0.00    0.00    0.00    0.00    0.00    0.00   99.66
Average:      77    0.00    0.00    0.34    0.00    0.00    0.00    0.00    0.00    0.00   99.66
Average:      78    0.00    0.00    0.00    0.00    0.00    0.00    0.00    0.00    0.00  100.00
Average:      79    0.00    0.00    0.34    0.00    0.00    0.00    0.00    0.00    0.00   99.66
Average:      88    0.00    0.00    0.00    0.00    0.00    0.00    0.00    0.00    0.00  100.00
Average:      89    0.00    0.00    0.00    0.00    0.00    0.00    0.00    0.00    0.00  100.00
Average:      90    0.00    0.00    0.00    0.00    0.00    0.00    0.00    0.00    0.00  100.00
Average:      91    0.00    0.00    0.33    0.00    0.00    0.00    0.00    0.00    0.00   99.67
