
===== OPERATING-ENVELOPE SWEEP (8 logical CPUs, 1x A100, nvCOMP) =====
arm                         n  median s     min     max   RSS GiB   CPU%  fail  raw
sweep_j8_io4_bg             3     13.08   13.07   13.50     0.539    134     0  13.07 13.08 13.50
sweep_j6_io4_bg             3     13.13   12.92   14.22     0.539    133     0  12.92 13.13 14.22
sweep_j4_io2                3     13.15   13.13   13.23     0.537    124     0  13.13 13.15 13.23
sweep_j8_io8_bg             3     13.34   12.86   13.58     0.542    155     0  12.86 13.34 13.58
sweep_j4_io4_bg             3     13.38   13.10   13.93     0.540    134     0  13.10 13.38 13.93
sweep_j4_io8                3     13.38   13.20   13.46     0.540    137     0  13.20 13.38 13.46
sweep_j6_io6_bg             3     13.39   13.31   14.42     0.541    147     0  13.31 13.39 14.42
sweep_j2_io2                3     13.53   13.22   13.65     0.537    125     0  13.22 13.53 13.65
sweep_j3_io3                3     14.22   13.15   14.40     0.538    129     0  13.15 14.22 14.40
sweep_j8_io8_sync           3     15.54   15.44   16.08     0.488    132     0  15.44 15.54 16.08
sweep_j6_io6_sync           3     15.99   15.35   16.00     0.488    123     0  15.35 15.99 16.00
sweep_j4_io4_sync           3     16.67   16.45   17.02     0.486    115     0  16.45 16.67 17.02
